
res40 = [0.000353957, 0.00042525, 0.000223275, 2.64535e-05, 4.01767e-06, 6.6903e-07, 9.77948e-08, 1.93743e-08, 4.44683e-09, 8.34622e-10, 1.55338e-10, 3.05683e-11, 6.23649e-12, 1.29048e-12, 2.71652e-13, 5.58756e-14, 1.14628e-14, 2.34115e-15, 4.82887e-16, 1.02367e-16]
res80 = [0.000106515, 4.62583e-05, 2.37716e-05, 2.64743e-06, 1.77892e-07, 3.13503e-08, 5.54316e-09, 6.1303e-10, 7.15162e-11, 1.08903e-11, 1.7713e-12, 2.05616e-13, 3.02182e-14, 4.45897e-15, 6.49068e-16, 8.42855e-17]
res120 = [5.24618e-05, 7.82826e-06, 3.90706e-06, 2.1687e-07, 9.64562e-09, 2.97393e-10, 1.51059e-11, 1.36032e-12, 8.10359e-14, 3.2699e-15, 2.12417e-16, 1.80074e-17]
res160 = [3.17282e-05, 1.62744e-06, 7.64826e-07, 1.68059e-08, 4.89497e-10, 9.79528e-12, 2.94836e-13, 7.49059e-15, 2.16531e-16, 5.59635e-18]


ras2=[res40(3)/res40(1),res80(3)/res80(1),res120(3)/res120(1),res160(3)/res160(1) ]

res40 = [0.000353957, 0.000448402, 0.000358137, 0.000334301, 0.000196066, 0.000119867, 6.00733e-05, 2.67075e-05, 1.68103e-05, 1.03087e-05, 4.69225e-06, 2.87021e-06, 1.68086e-06, 9.66357e-07, 5.94291e-07, 3.58736e-07, 2.26309e-07, 1.45802e-07, 8.81407e-08, 5.44266e-08, 3.48296e-08, 2.20479e-08, 1.3954e-08, 8.83263e-09, 5.64158e-09, 3.62639e-09, 2.30446e-09, 1.46244e-09, 9.37608e-10, 6.03346e-10, 3.87852e-10, 2.48833e-10, 1.5971e-10, 1.02794e-10, 6.62202e-11, 4.26309e-11, 2.74288e-11, 1.76344e-11, 1.13306e-11, 7.27667e-12, 4.67153e-12, 3.00003e-12, 1.92812e-12, 1.23994e-12, 7.97492e-13, 5.12856e-13, 3.29784e-13, 2.12057e-13, 1.36349e-13, 8.76709e-14, 5.63773e-14, 3.62555e-14, 2.3314e-14, 1.49907e-14, 9.63819e-15, 6.19682e-15, 3.98411e-15, 2.56173e-15, 1.64764e-15, 1.05974e-15, 6.81841e-16, 4.38882e-16, 2.82102e-16]
res80 = [0.000106515, 4.69523e-05, 3.73398e-05, 3.33179e-05, 1.94426e-05, 1.19259e-05, 7.31673e-06, 1.2911e-06, 6.15525e-07, 3.04937e-07, 1.14774e-07, 7.01081e-08, 4.11696e-08, 1.07904e-08, 5.7341e-09, 2.79454e-09, 1.0203e-09, 6.11463e-10, 2.8994e-10, 1.0211e-10, 5.30099e-11, 2.38707e-11, 1.00191e-11, 5.34115e-12, 2.22946e-12, 9.72991e-13, 5.13468e-13, 2.13127e-13, 9.45642e-14, 4.84528e-14, 2.04569e-14, 9.66396e-15, 4.70043e-15, 1.99737e-15, 1.00536e-15, 4.7731e-16, 1.89566e-16, 9.36634e-17]
res120 = [5.24618e-05, 7.93442e-06, 6.38426e-06, 5.67315e-06, 3.44733e-06, 1.84198e-06, 9.01138e-07, 9.00398e-08, 3.34327e-08, 1.51232e-08, 4.77337e-09, 2.27987e-09, 7.36207e-10, 1.33834e-10, 4.56067e-11, 1.63765e-11, 5.83663e-12, 2.22562e-12, 5.64866e-13, 1.54664e-13, 4.84641e-14, 1.74533e-14, 6.34299e-15, 2.34018e-15, 6.69848e-16, 1.83274e-16, 6.0576e-17, 2.1785e-17]
res160 = [3.17282e-05, 1.64604e-06, 1.32399e-06, 1.18285e-06, 6.87071e-07, 3.63389e-07, 1.50681e-07, 7.3588e-09, 3.03958e-09, 8.52839e-10, 1.72817e-10, 5.45406e-11, 1.71029e-11, 2.16136e-12, 9.15386e-13, 3.38842e-13, 4.49975e-14, 9.01963e-15, 3.24234e-15, 6.04823e-16, 1.13401e-16, 3.55647e-17, 8.7885e-18]


ras4=[res40(7)/res40(1),res80(7)/res80(1),res120(7)/res120(1),res160(7)/res160(1) ]



res40 = [0.000353903, 0.00049699, 0.000490924, 0.000512798, 0.000560676, 0.000628884, 0.000723109, 0.000823375, 0.000828552, 0.000785081, 0.000653939, 0.00044901, 0.000275806, 0.000173913, 0.000138301, 0.000129808, 0.000118977, 0.000107351, 9.27707e-05, 7.52701e-05, 6.6737e-05, 6.38705e-05, 5.92419e-05, 4.97141e-05, 3.84024e-05, 3.16895e-05, 3.01704e-05, 2.92373e-05, 2.86192e-05, 2.61897e-05, 2.2921e-05, 2.10383e-05, 2.07159e-05, 2.04686e-05, 1.96148e-05, 1.82373e-05, 1.6882e-05, 1.60732e-05, 1.57182e-05, 1.53253e-05, 1.46143e-05, 1.38543e-05, 1.31444e-05, 1.27584e-05, 1.24368e-05, 1.20458e-05, 1.15278e-05, 1.10307e-05, 1.06053e-05, 1.02851e-05, 9.98488e-06, 9.63608e-06, 9.25973e-06, 8.88873e-06, 8.57562e-06, 8.29901e-06, 8.03682e-06, 7.74717e-06, 7.4558e-06, 7.17566e-06, 6.92782e-06, 6.69751e-06, 6.47117e-06, 6.23859e-06, 6.00899e-06, 5.79422e-06, 5.5938e-06, 5.40431e-06, 5.21573e-06, 5.03013e-06, 4.84883e-06, 4.67831e-06, 4.51579e-06, 4.36e-06, 4.20683e-06, 4.05742e-06, 3.9132e-06, 3.77569e-06, 3.64431e-06, 3.51714e-06, 3.39355e-06, 3.27329e-06, 3.15783e-06, 3.04694e-06, 2.94059e-06, 2.83749e-06, 2.73769e-06, 2.64104e-06, 2.54813e-06, 2.45875e-06, 2.37262e-06, 2.28935e-06, 2.20878e-06, 2.13103e-06, 2.0561e-06, 1.98398e-06, 1.91435e-06, 1.84712e-06, 1.78213e-06, 1.71947e-06, 1.65905e-06, 1.60082e-06, 1.5446e-06, 1.49033e-06, 1.43793e-06, 1.38739e-06, 1.33865e-06, 1.29164e-06, 1.24628e-06, 1.20248e-06, 1.16022e-06, 1.11944e-06, 1.08012e-06, 1.04218e-06, 1.00557e-06, 9.70231e-07, 9.36137e-07, 9.03244e-07, 8.71513e-07, 8.40897e-07, 8.11352e-07, 7.82843e-07, 7.55335e-07, 7.28798e-07, 7.03193e-07, 6.78489e-07, 6.54649e-07, 6.31647e-07, 6.09454e-07, 5.88041e-07, 5.67381e-07, 5.47447e-07, 5.28212e-07, 5.09653e-07, 4.91747e-07, 4.74469e-07, 4.578e-07, 4.41715e-07, 4.26195e-07, 4.11221e-07, 3.96773e-07, 3.82832e-07, 3.69382e-07, 3.56404e-07, 3.43882e-07, 3.31799e-07, 3.20142e-07, 3.08894e-07, 2.98041e-07, 2.87569e-07, 2.77466e-07, 2.67717e-07, 2.58311e-07, 2.49235e-07, 2.40478e-07, 2.32029e-07, 2.23877e-07, 2.16011e-07, 2.08422e-07, 2.01099e-07, 1.94033e-07, 1.87216e-07, 1.80638e-07, 1.74292e-07, 1.68168e-07, 1.62259e-07, 1.56558e-07, 1.51058e-07, 1.4575e-07, 1.4063e-07, 1.35689e-07, 1.30921e-07, 1.26321e-07, 1.21883e-07, 1.17601e-07, 1.13469e-07, 1.09482e-07, 1.05636e-07, 1.01924e-07, 9.83431e-08, 9.48878e-08, 9.1554e-08, 8.83373e-08, 8.52336e-08, 8.22389e-08, 7.93495e-08, 7.65616e-08, 7.38716e-08, 7.12762e-08, 6.87719e-08, 6.63556e-08, 6.40242e-08, 6.17748e-08, 5.96043e-08, 5.75102e-08, 5.54896e-08, 5.354e-08, 5.16588e-08, 4.98438e-08, 4.80926e-08, 4.64029e-08]
res80 = [0.000106515, 8.45039e-05, 7.59053e-05, 7.22627e-05, 7.08297e-05, 7.11203e-05, 7.20798e-05, 6.89781e-05, 3.89311e-05, 2.53272e-05, 1.94882e-05, 1.58025e-05, 1.26926e-05, 8.95959e-06, 5.61758e-06, 3.7531e-06, 2.7396e-06, 2.2513e-06, 1.91008e-06, 1.51277e-06, 1.07512e-06, 7.40584e-07, 5.54274e-07, 4.25734e-07, 3.17871e-07, 2.25973e-07, 1.51808e-07, 1.09692e-07, 9.36475e-08, 8.1615e-08, 6.74655e-08, 5.23753e-08, 3.93399e-08, 3.10291e-08, 2.55606e-08, 1.97744e-08, 1.39824e-08, 9.81205e-09, 7.71601e-09, 6.74994e-09, 5.7246e-09, 4.3241e-09, 2.8952e-09, 1.84991e-09, 1.36729e-09, 1.24973e-09, 1.15374e-09, 9.65964e-10, 7.42256e-10, 5.61377e-10, 4.42806e-10, 3.55702e-10, 2.7364e-10, 1.95836e-10, 1.37807e-10, 1.09052e-10, 9.6049e-11, 8.21613e-11, 6.38394e-11, 4.47307e-11, 2.98535e-11, 2.212e-11, 1.92248e-11, 1.69541e-11, 1.40165e-11, 1.10265e-11, 8.69393e-12, 7.03883e-12, 5.62517e-12, 4.21285e-12, 2.91701e-12, 1.99093e-12, 1.55509e-12, 1.39419e-12, 1.23063e-12, 9.93017e-13, 7.32355e-13, 5.17283e-13, 3.82496e-13, 3.0945e-13, 2.57868e-13, 2.09873e-13, 1.68214e-13, 1.36856e-13, 1.12487e-13, 8.95421e-14, 6.63944e-14, 4.54575e-14, 3.05235e-14, 2.34494e-14, 2.10314e-14, 1.88697e-14, 1.56849e-14, 1.20825e-14, 8.93537e-15, 6.67068e-15, 5.15571e-15, 4.05303e-15, 3.18991e-15, 2.55499e-15, 2.1185e-15, 1.77385e-15, 1.42981e-15, 1.07294e-15, 7.45971e-16, 5.0452e-16, 3.76526e-16, 3.25837e-16, 2.90939e-16, 2.46943e-16, 1.97453e-16, 1.51907e-16, 1.15288e-16, 8.7191e-17]
res120 = [5.24618e-05, 2.03517e-05, 1.80335e-05, 1.67867e-05, 1.60193e-05, 1.56917e-05, 1.56449e-05, 1.3873e-05, 6.17475e-06, 3.18217e-06, 1.74045e-06, 9.67682e-07, 4.15929e-07, 2.35849e-07, 1.70475e-07, 1.2277e-07, 8.29504e-08, 5.04869e-08, 2.77253e-08, 1.25342e-08, 6.60034e-09, 4.13792e-09, 2.82136e-09, 1.72828e-09, 1.00125e-09, 6.61916e-10, 4.76742e-10, 3.34614e-10, 2.11958e-10, 1.27936e-10, 7.69021e-11, 4.67023e-11, 2.91446e-11, 1.83447e-11, 1.15663e-11, 7.46058e-12, 4.9667e-12, 3.41232e-12, 2.34073e-12, 1.53455e-12, 9.71e-13, 6.03822e-13, 3.73603e-13, 2.31306e-13, 1.439e-13, 9.12481e-14, 5.94154e-14, 3.95583e-14, 2.65832e-14, 1.77915e-14, 1.17094e-14, 7.53988e-15, 4.77447e-15, 2.99816e-15, 1.8805e-15, 1.18583e-15, 7.56881e-16, 4.91574e-16, 3.24063e-16, 2.14792e-16, 1.41942e-16, 9.29706e-17, 6.0193e-17, 3.85521e-17]
